                        sepallength  sepalwidth  petallength  petalwidth
species                                                                 
Setosa     sepallength     1.000000    0.742547     0.267176    0.278098
           sepalwidth      0.742547    1.000000     0.177700    0.232752
           petallength     0.267176    0.177700     1.000000    0.331630
           petalwidth      0.278098    0.232752     0.331630    1.000000
Versicolor sepallength     1.000000    0.525911     0.754049    0.546461
           sepalwidth      0.525911    1.000000     0.560522    0.663999
           petallength     0.754049    0.560522     1.000000    0.786668
           petalwidth      0.546461    0.663999     0.786668    1.000000
Virginica  sepallength     1.000000    0.457228     0.864225    0.281108
           sepalwidth      0.457228    1.000000     0.401045    0.537728
           petallength     0.864225    0.401045     1.000000    0.322108
           petalwidth      0.281108    0.537728     0.322108    1.000000